index,key,F,G,I,S,U,TR
0,MID_支援_セルジュ_ヘンリー_Ｃ,"$SbpSTRM_BGM_EVT_HEIWA1_2|50|$t1$Wmセルジュ|7$Wmヘンリー|3$w0|$Wsセルジュ|$Wa$SvpSE_VOICE_SERGE_EVT_4|Oh, bonjour, Henry. Tu viens voir Minerva ?$k
$Wsヘンリー|$Wa$E笑,|$SvpSE_VOICE_HENRI_EVT_19|Oui ! Elle est belle comme un cœur...
Un cœur encore palpitant...$k$pNous avions aussi des wyvernes à Plegia,
et nombre d'autres bestioles horribles.$k$pMais il n'y en avait pas une qui soit aussi
mignonne que Minerva !$k
$Wsセルジュ|$Wa$E笑,|$SvpSE_VOICE_SERGE_EVT_17|Tu es très futé. Peu d'humains se rendent
compte de sa beauté.$k$pIls croient que les wyvernes se ressemblent
toutes, mais il n'y a rien de plus faux !$k
$Wsヘンリー|$Wa$E通常,|$SvpSE_VOICE_HENRI_EVT_9|Oui, il est triste que certaines personnes ne
voient pas les différences chez les animaux.$k$pIls sont aussi différents que toi et moi !
Ou moi et N'IMPORTE QUI, d'ailleurs !$k
$Wsセルジュ|$Wa$E通常,|$SvpSE_VOICE_SERGE_EVT_6|Tu dois vraiment aimer les animaux.$k
$Wsヘンリー|$Wa$Eキメ,|$SvpSE_VOICE_HENRI_EVT_6|J'ai beaucoup d'amis à quatre pattes...
et quelques uns avec deux.$k$pJ'ai aussi un ami ours à trois pattes,
mais ça, c'est une autre histoire...$k
$Wsセルジュ|$Wa$E笑,|$SvpSE_VOICE_SERGE_EVT_13|J'espère que nous pourrons nous aussi
devenir amis...$k$pPour le moment, veux-tu t'approcher
de Minerva et lui gratter l'oreille ?$k
$Wsヘンリー|$Wa$E笑,|$SvpSE_VOICE_HENRI_EVT_7|D'accord, je me lance...$k$pHé, bonjour toi ! Je m'appelle Henry !
Enchanté !$k
$Wc$w500|$SspSE_EVT_DRAGON_VOICE1|$w1500|$Wsヘンリー|$Wa$E苦,汗|$SvpSE_VOICE_HENRI_EVT_31|Qu'est-ce que... ?! Elle m'a mordu !
Regarde, je saigne !$k$p$E笑,|Oh, waouh... Regarde tout ce sang...
Hi hi hi ! GÉNIAL !$k
$Wsセルジュ|$Wa$E苦,汗|$SvpSE_VOICE_SERGE_EVT_28|Minerva ! Qu'est-ce qui t'a pris ?!$k
$Sbs1000|","$SbpSTRM_BGM_EVT_HEIWA1_2|50|$t1$Wmセルジュ|7$Wmヘンリー|3$w0|$Wsセルジュ|$Wa$SvpSE_VOICE_SERGE_EVT_4|Oh! Hallo, Henry. Bist du hier, um
Minerva zu streicheln?$k
$Wsヘンリー|$Wa$E笑,|$SvpSE_VOICE_HENRI_EVT_19|Aber klar! Sie ist süß wie ein Zuckerstück!
Na ja... Aber nicht so quadratisch.$k$pWir hatten Wyvern in Plegia und auch das
ein oder andere üble Vieh. Weißt du?$k$pAber wir hatten keine einzige Wyvern,
die so hübsch wie Minerva war!$k
$Wsセルジュ|$Wa$E笑,|$SvpSE_VOICE_SERGE_EVT_17|Du bist sehr aufmerksam. Nicht viele
Menschen sehen, wie hübsch sie ist.$k$pSie denken, dass alle Wyvern gleich sind,
aber du und ich, wir wissen es besser!$k
$Wsヘンリー|$Wa$E通常,|$SvpSE_VOICE_HENRI_EVT_9|Genau! Ist schon schade, dass viele ein Tier
nicht vom anderen unterscheiden können.$k$pDabei sind sie so verschieden wie du und
ich! Oder... wie IRGENDWER und ich.$k
$Wsセルジュ|$Wa$E通常,|$SvpSE_VOICE_SERGE_EVT_6|Du musst Tiere ja wirklich lieben.$k
$Wsヘンリー|$Wa$Eキメ,|$SvpSE_VOICE_HENRI_EVT_6|Ich habe überall vierbeinige Freunde!
Und auch ein paar zweibeinige.$k$pEiner meiner besten Kumpel ist sogar ein
dreibeiniger Bär...$k$pAber das ist eine lange Geschichte. Die
erzähl ich dir ein andermal.$k
$Wsセルジュ|$Wa$E笑,|$SvpSE_VOICE_SERGE_EVT_13|Ich hoffe nur, dass du und ich auch mal so
dicke Freunde sein werden.$k$pAlso dann... Nähere dich Minerva ganz
langsam und versuche, ihr Ohr zu kraulen.$k
$Wsヘンリー|$Wa$E笑,|$SvpSE_VOICE_HENRI_EVT_7|Hallo, Fräulein Wyvern! Ich bin Henry!
Schön, dich kennenzulernen!$k
$Wc$w500|$SspSE_EVT_DRAGON_VOICE1|$w1500|$Wsヘンリー|$Wa$E苦,汗|$SvpSE_VOICE_HENRI_EVT_31|Autsch! Sie hat versucht, mich zu beißen!
Sieh nur, ich blute!$k$p$E笑,|Oh, schau mal das ganze Blut...
Wie schööön...$k
$Wsセルジュ|$Wa$E苦,汗|$SvpSE_VOICE_SERGE_EVT_28|Minerva! Was ist in dich gefahren?$k
$Sbs1000|","$SbpSTRM_BGM_EVT_HEIWA1_2|50|$t1$Wmセルジュ|7$Wmヘンリー|3$w0|$Wsセルジュ|$Wa$SvpSE_VOICE_SERGE_EVT_4|Oh, ciao, Henry. Sei venuto a
coccolare un po' Minerva?$k
$Wsヘンリー|$Wa$E笑,|$SvpSE_VOICE_HENRI_EVT_19|Certo! Guardala, sembra un bon bon.
Ma che carina!$k$pAnche in Plegia ci sono viverne
e qualche rettile feroce.$k$pPerò non ho mai visto
una viverna così bella!$k
$Wsセルジュ|$Wa$E笑,|$SvpSE_VOICE_SERGE_EVT_17|Sei un ottimo osservatore. La gente
tende a sottovalutare la sua bellezza.$k$pÈ convinta che le viverne
siano tutte uguali.$k$pNoi siamo gli unici ad apprezzare
le differenze!$k
$Wsヘンリー|$Wa$E通常,|$SvpSE_VOICE_HENRI_EVT_9|Sì, è triste che il genere umano non riesca
a distinguere un animale da un altro.$k$pMa ognuno di loro è diverso e unico...
Come lo siamo io e te!$k
$Wsセルジュ|$Wa$E通常,|$SvpSE_VOICE_SERGE_EVT_6|Ami davvero molto gli animali.$k
$Wsヘンリー|$Wa$Eキメ,|$SvpSE_VOICE_HENRI_EVT_6|Ho tanti amici a quattro zampe e...
anche qualche amico a due zampe.$k$pUna volta ho conosciuto anche un orso
a tre zampe, ma questa è un'altra storia.$k
$Wsセルジュ|$Wa$E笑,|$SvpSE_VOICE_SERGE_EVT_13|Spero solo che anche io e te potremo
stringere amicizia un giorno.$k$pPerché non provi ad avvicinarti lentamente
a Minerva e ad accarezzarle l'orecchio?$k
$Wsヘンリー|$Wa$E笑,|$SvpSE_VOICE_HENRI_EVT_7|Va bene, proviamoci.$k$pCiao, signorina Viverna! Io sono Henry!
Piacere di conoscerti!$k
$Wc$w500|$SspSE_EVT_DRAGON_VOICE1|$w1500|$Wsヘンリー|$Wa$E苦,汗|$SvpSE_VOICE_HENRI_EVT_31|Ahio! Mi ha morso!
Guarda, sto sanguinando!$k$pOh, ehi, guarda quanto sangue...
Mmmh, saaangue...$k
$Wsセルジュ|$Wa$E苦,汗|$SvpSE_VOICE_SERGE_EVT_28|Minerva! Che accidenti ti è preso?!$k
$Sbs1000|","$SbpSTRM_BGM_EVT_HEIWA1_2|50|$t1$Wmセルジュ|7$Wmヘンリー|3$w0|$Wsセルジュ|$Wa$SvpSE_VOICE_SERGE_EVT_4|Oh. Hola, Henry. ¿Has venido para
jugar un rato con Minerva?$k
$Wsヘンリー|$Wa$E笑,|$SvpSE_VOICE_HENRI_EVT_19|¡Por supuesto! ¡Es una ricura! Aunque no
todo el mundo sea capaz de apreciarlo...$k$p¿Sabes? En Plegia teníamos wyvern y
alguna que otra bestia horrible.$k$pPero ¡no había ningún dragón tan
bonito como Minerva!$k
$Wsセルジュ|$Wa$E笑,|$SvpSE_VOICE_SERGE_EVT_17|Eres muy listo. No hay muchos humanos que
se den cuenta de lo linda que es.$k$pPiensan que todos los wyvern son iguales,
pero ¡tú y yo sabemos la verdad!$k
$Wsヘンリー|$Wa$E通常,|$SvpSE_VOICE_HENRI_EVT_9|Sí, es una pena que algunas personas no
puedan diferenciar un animal de otro.$k$pEn realidad son tan distintos como tú y yo.
O ya puestos, ¡como yo y CUALQUIERA!$k
$Wsセルジュ|$Wa$E通常,|$SvpSE_VOICE_SERGE_EVT_6|Te deben de encantar los animales.$k
$Wsヘンリー|$Wa$Eキメ,|$SvpSE_VOICE_HENRI_EVT_6|¡Vaya donde vaya hago amigos de cuatro
patas! ¡Y a veces incluso de dos patas!$k$pTambién soy amigo de un oso de tres
patas... pero eso es otra historia.$k
$Wsセルジュ|$Wa$E笑,|$SvpSE_VOICE_SERGE_EVT_13|Y espero que tú y yo seamos también
buenos amigos uno de estos días.$k$pBueno, ¿por qué no te acercas a Minerva
lentamente y le rascas detrás de la oreja?$k
$Wsヘンリー|$Wa$E笑,|$SvpSE_VOICE_HENRI_EVT_7|¡Pues nada! A ver qué pasa.$k$p¡Hola, señora Wyvern! ¡Soy Henry!
¡Encantado de conocerte!$k
$Wc$w500|$SspSE_EVT_DRAGON_VOICE1|$w1500|$Wsヘンリー|$Wa$E苦,汗|$SvpSE_VOICE_HENRI_EVT_31|¡Buah! ¡Ha intentado morderme!
Mira, ¡estoy sangrando!$k$p$E笑,|Eh, mira cuánta sangre...
Mmm... Sangreeee...$k
$Wsセルジュ|$Wa$E苦,汗|$SvpSE_VOICE_SERGE_EVT_28|¡Minerva! ¡¿Por qué has hecho eso?!$k
$Sbs1000|","$SbpSTRM_BGM_EVT_HEIWA1_2|50|$t1$Wmセルジュ|7$Wmヘンリー|3$w0|$Wsセルジュ|$Wa$SvpSE_VOICE_SERGE_EVT_4|Oh, hello, Henry. Have you come
by to pet Minerva?$k
$Wsヘンリー|$Wa$E笑,|$SvpSE_VOICE_HENRI_EVT_19|Sure have! She's as cute as a button,
that one... Well, if buttons were cute.$k$pWe had wyverns in Plegia, you know,
and also the occasional fell beast.$k$pBut we didn't have a single wyvern
that was as pretty as Minerva.$k
$Wsセルジュ|$Wa$E笑,|$SvpSE_VOICE_SERGE_EVT_17|You're very astute. Not many humans
realise how beautiful she is.$k$pThey think wyverns all look the same,
but people like you and I know better!$k
$Wsヘンリー|$Wa$E通常,|$SvpSE_VOICE_HENRI_EVT_9|Yeah, it's sad that some folk can't tell the
difference from one animal to the next.$k$pI mean, pegasi, wyverns, dogs, birds...
They're all as different as you and me!$k
$Wsセルジュ|$Wa$E通常,|$SvpSE_VOICE_SERGE_EVT_6|You must really love animals.$k
$Wsヘンリー|$Wa$Eキメ,|$SvpSE_VOICE_HENRI_EVT_6|Yep! I make four-legged friends wherever
I go! And even some two-legged ones.$k$pI'm also pals with a three-legged bear,
but that's a story for another time.$k
$Wsセルジュ|$Wa$E笑,|$SvpSE_VOICE_SERGE_EVT_13|I only hope you and I can become
such fast friends one day.$k$pNow, why don't you slowly approach
Minerva and try scratching her ear?$k
$Wsヘンリー|$Wa$E笑,|$SvpSE_VOICE_HENRI_EVT_7|All right, here goes!$k$pHey there, Miss Wyvern!
I'm Henry. Nice to meetcha!$k
$Wc$w500|$SspSE_EVT_DRAGON_VOICE1|$w1500|$Wsヘンリー|$Wa$E苦,汗|$SvpSE_VOICE_HENRI_EVT_31|Yowza! Sh-she tried to bite me!
Look, I'm bleeding!$k$pMmm, blood...$k
$Wsセルジュ|$Wa$E苦,汗|$SvpSE_VOICE_SERGE_EVT_28|Minerva! What's gotten into you?!$k
$Sbs1000|","$SbpSTRM_BGM_EVT_HEIWA1_2|50|$t1$Wmセルジュ|7$Wmヘンリー|3$w0|$Wsセルジュ|$Wa$SvpSE_VOICE_SERGE_EVT_4|Ah, merhaba Henry.
Minerva'yı sevmeye mi geldin?$k
$Wsヘンリー|$Wa$E笑|$SvpSE_VOICE_HENRI_EVT_19|Evet! Pek şirin, değil mi?
Düğmeler şirin olsaydı, düğme gibi.$k$pPlegia'da wyvernlerimiz vardı.
Arada bir fell beast de çıkardı.$k$pAma Minerva kadar güzel
tek bir wyvern bile yoktu.$k
$Wsセルジュ|$Wa$E笑|$SvpSE_VOICE_SERGE_EVT_17|Çok dikkatlisin. İnsanların çoğu
onun ne kadar güzel olduğunu anlamaz.$k$pHepsi aynı sanırlar. Ama seninle
ben aradaki farkı biliyoruz!$k
$Wsヘンリー|$Wa$E通常|$SvpSE_VOICE_HENRI_EVT_9|Evet, bazı insanların hayvanları
ayırmaması gerçekten üzücü.$k$pPegasus, wyvern, köpek, kuş...
Hepsi seninle benim kadar farklı!$k
$Wsセルジュ|$Wa$E通常|$SvpSE_VOICE_SERGE_EVT_6|Hayvanları gerçekten seviyorsun.$k
$Wsヘンリー|$Wa$Eキメ|$SvpSE_VOICE_HENRI_EVT_6|Evet! Gittiğim her yerde dört ayaklı
dostlar edinirim. İki ayaklı da olur.$k$pÜç ayaklı bir ayıyla da dostum,
ama o başka bir günün hikâyesi.$k
$Wsセルジュ|$Wa$E笑|$SvpSE_VOICE_SERGE_EVT_13|Umarım bir gün biz de
böyle iyi dost oluruz.$k$pŞimdi Minerva'ya yavaşça yaklaş ve
kulağını kaşımayı dene.$k
$Wsヘンリー|$Wa$E笑|$SvpSE_VOICE_HENRI_EVT_7|Peki, deniyorum!$k$pMerhaba Bayan Wyvern!
Ben Henry. Tanıştığımıza sevindim!$k
$Wc$w500|$SspSE_EVT_DRAGON_VOICE1|$w1500|$Wsヘンリー|$Wa$E苦,汗|$SvpSE_VOICE_HENRI_EVT_31|Vay! B-beni ısırmaya çalıştı!
Bak, kanıyorum!$k$pMmm, kan...$k
$Wsセルジュ|$Wa$E苦,汗|$SvpSE_VOICE_SERGE_EVT_28|Minerva! Sana ne oldu?!$k
$Sbs1000|"
1,MID_支援_セルジュ_ヘンリー_Ｂ,"$SbpSTRM_BGM_EVT_SERIOUS2|0|$t1$Wmセルジュ|7$Wmヘンリー|3$w0|$Wsセルジュ|$Wa$E苦,|$SvpSE_VOICE_SERGE_EVT_5|Henry, je suis désolée pour l'autre fois,
quand Minerva t'as presque arraché la main.$k$pQuelque chose a dû l'exciter, mais je ne
sais pas quoi.$k
$Wsヘンリー|$Wa$E笑,|$SvpSE_VOICE_HENRI_EVT_1|Ah, ne t'inquiète pas. Je parie que c'est
à cause de mon aura animale...$k$pOu elle m'a confondu avec un gros jambon.
C'est vrai que je sens un peu le jambon...$k
$Wsセルジュ|$Wa$E通常,|$SvpSE_VOICE_SERGE_EVT_2|En tout cas, nous avons eu une discussion,
et elle a promis que ça n'arriverait plus.$k$pJ'espère que tu ne lui en veux pas, et que
tu veux toujours être son ami.$k
$Wsヘンリー|$Wa$E通常,|$SvpSE_VOICE_HENRI_EVT_7|Oh, certainement ! Minerva et moi allons
devenir les meilleurs amis, c'est sûr !$k
$Wsセルジュ|$Wa$E笑,|$SvpSE_VOICE_SERGE_EVT_16|Je sais que tout le monde apprécie Minerva,
mais toi encore plus, semble-t-il.$k
$Wsヘンリー|$Wa$E通常,|$SvpSE_VOICE_HENRI_EVT_6|Eh bien, quand j'étais petit, ma meilleure
amie était une énorme louve.$k$pMes parents m'ignoraient la plupart du
temps, alors elle est devenue ma famille.$k$pPuis un jour elle voulait venir me voir,
et les chasseurs du village...$k$p$E苦,汗|Ils ne lui ont laissé aucune chance...
Ils l'ont... abattue.$k
$Wsセルジュ|$Wa$E苦,|$SvpSE_VOICE_SERGE_EVT_14|C'est... C'est horrible !$k
$Wsヘンリー|$Wa$E怒,|$SvpSE_VOICE_HENRI_EVT_12|Mais ils l'ont payé...
Oh, oui, ils l'ont payé... De leur SANG !$k$p$E苦,|Enfin... Toute ma magie ne pouvait ramener
ma belle amie de l'autre monde.$k$p$E通常,|Je crois que c'est pour ça que j'aime tant
Minerva... Elle me rappelle ma louve.$k
$Wsセルジュ|$Wa$E通常,|$SvpSE_VOICE_SERGE_EVT_3|Nous ne pourrons jamais la remplacer,
mais nous serions ravies d'être tes amies.$k$p$E笑,|En fait, nous allions partir faire un vol
de patrouille autour du camp.$k$pSi tu n'as rien d'autre à faire, tu peux
avec plaisir te joindre à nous.$k
$Wsヘンリー|$Wa$E笑,|$SvpSE_VOICE_HENRI_EVT_20|Tu veux dire que tu me laisserais monter
sur le dos de Minerva ?!$k$pDans le CIEL ?!$k$pJe n'ai pas besoin de réfléchir...
OUI ! Bien sûr que je veux !$k
$Wsセルジュ|$Wa$E笑,|$SvpSE_VOICE_SERGE_EVT_17|Alors, viens.
Nous allons bien nous amuser.$k
$Sbs1000|","$SbpSTRM_BGM_EVT_SERIOUS2|0|$t1$Wmセルジュ|7$Wmヘンリー|3$w0|$Wsセルジュ|$Wa$E苦,|$SvpSE_VOICE_SERGE_EVT_5|Henry, es tut mir wirklich leid, dass Minerva
versucht hat, dir... die Hand abzubeißen.$k$pSie war wegen irgendwas sehr aufgeregt,
aber ich weiß nicht, weshalb.$k
$Wsヘンリー|$Wa$E笑,|$SvpSE_VOICE_HENRI_EVT_1|Ach, ist schon gut. Ich wette, ich habe
einfach eine ganz besondere Aura für Tiere.$k$pOder sie dachte, ich sei ein großer
Schinken. Ich rieche nämlich ein wenig so.$k
$Wsセルジュ|$Wa$E通常,|$SvpSE_VOICE_SERGE_EVT_2|Jedenfalls habe ich ein ernstes Wörtchen
mit ihr gesprochen.$k$pSie hat mir versichert, dass so etwas
nicht noch einmal vorkommt.$k$pIch hoffe, du wirst es ihr nicht übel nehmen
und willst immer noch ihr Freund sein.$k
$Wsヘンリー|$Wa$E通常,|$SvpSE_VOICE_HENRI_EVT_7|Oh, natürlich! Minerva und ich werden
bestimmt beste Freunde werden!$k
$Wsセルジュ|$Wa$E笑,|$SvpSE_VOICE_SERGE_EVT_16|Ich weiß, dass jeder Minerva mag, aber du
scheinst sie besonders lieb zu haben.$k
$Wsヘンリー|$Wa$E通常,|$SvpSE_VOICE_HENRI_EVT_6|Als ich klein war, war mein bester Freund
auf der ganzen Welt eine große Wölfin.$k$pMeine Eltern haben mich meist ignoriert,
also wurde sie zu meiner Familie.$k$pEines Tages kam sie ins Dorf, um mich zu
besuchen und ein paar Jäger haben...$k$p$E苦,汗|Sie haben sie mit Pfeilen gespickt.
Sie war sofort tot.$k
$Wsセルジュ|$Wa$E苦,|$SvpSE_VOICE_SERGE_EVT_14|...D-das ist ja furchtbar!$k
$Wsヘンリー|$Wa$SvpSE_VOICE_HENRI_EVT_12|Aber sie haben dafür bezahlt... und wie!
Mit ihrem verdammten BLUT!$k$pÄh, aber ja... Meine Magie konnte meine
schöne Freundin nicht wiederbeleben.$k$p$E通常,|Darum bin ich so gerne bei dir und Minerva.
Es erinnert mich an damals.$k
$Wsセルジュ|$Wa$E通常,|$SvpSE_VOICE_SERGE_EVT_3|Wir können deine Wölfin niemals ersetzen,
aber würden gerne deine Freunde sein.$k$p$E笑,|Eigentlich wollten wir auch gerade einen
Kontrollflug über das Lager machen.$k$pWenn du Zeit hast, bist du herzlich
eingeladen, uns zu begleiten.$k
$Wsヘンリー|$Wa$E笑,|$SvpSE_VOICE_HENRI_EVT_20|Du meinst, ich darf auf Minervas Rücken
reiten?$k$pOben im HIMMEL?!?$k$pHeilige Pferdefedern! JA!
Bitte, lass mich mitfliegen!$k
$Wsセルジュ|$Wa$E笑,|$SvpSE_VOICE_SERGE_EVT_17|Oh, wie schön! Das wird bestimmt lustig!$k
$Sbs1000|","$SbpSTRM_BGM_EVT_SERIOUS2|0|$t1$Wmセルジュ|7$Wmヘンリー|3$w0|$Wsセルジュ|$Wa$E苦,|$SvpSE_VOICE_SERGE_EVT_5|Henry, mi dispiace che Minerva ti abbia
quasi staccato una mano l'altro giorno.$k$pEra estremamente agitata, ma
non so spiegarmene il motivo.$k
$Wsヘンリー|$Wa$E笑,|$SvpSE_VOICE_HENRI_EVT_1|Non è nulla. Forse è colpa
della mia aura animale.$k$pOppure mi ha scambiato per
un enorme prosciutto.$k
$Wsセルジュ|$Wa$E通常,|$SvpSE_VOICE_SERGE_EVT_2|In ogni caso, l'ho rimessa in riga e mi
ha promesso che non succederà più.$k$pSpero che non le serbi rancore. Vorrei
tanto che continuaste a vedervi.$k
$Wsヘンリー|$Wa$E通常,|$SvpSE_VOICE_HENRI_EVT_7|Ma certo! Io e Minerva saremo
comunque amici per la pelle!$k
$Wsセルジュ|$Wa$E笑,|$SvpSE_VOICE_SERGE_EVT_16|Minerva attira le simpatie di tutti, ma tu
sembri particolarmente affezionato a lei.$k
$Wsヘンリー|$Wa$E通常,|$SvpSE_VOICE_HENRI_EVT_6|Quando ero piccolo, avevo per amica
una lupa gigante. Eravamo inseparabili.$k$pMi sentivo trascurato dai miei genitori
e lei ha preso il loro posto.$k$pUn giorno venne a farmi visita, ma
si imbatté in alcuni bracconieri...$k$p$E苦,汗|L'hanno colpita con una freccia.
Puoi immaginare l'epilogo.$k
$Wsセルジュ|$Wa$E苦,|$SvpSE_VOICE_SERGE_EVT_14|È una storia terribile!$k
$Wsヘンリー|$Wa$SvpSE_VOICE_HENRI_EVT_12|Ma l'hanno pagata cara...
L'hanno pagata con la VITA!$k$pPurtroppo, i miei riti magici non potevano
riportare in vita la mia bellissima lupa.$k$p$E通常,|Forse è per questo che mi piace la vostra
compagnia. Mi ricorda quel periodo felice.$k
$Wsセルジュ|$Wa$E通常,|$SvpSE_VOICE_SERGE_EVT_3|Forse non potremo mai colmare quel vuoto,
ma ci teniamo molto a essere tue amiche.$k$p$E笑,|Anzi, ci stavamo giusto preparando per un
giro di ricognizione sull'accampamento.$k$pSe non hai altro da fare, perché
non vieni con noi?$k
$Wsヘンリー|$Wa$E笑,|$SvpSE_VOICE_HENRI_EVT_20|Quindi potrò cavalcare
sul dorso di Minerva?!$k$pSu nel CIELO?!$k$pPer tutti i rettili volanti, SÌ!
Fatemi venire con voi!$k
$Wsセルジュ|$Wa$E笑,|$SvpSE_VOICE_SERGE_EVT_17|Ottimo! Vedrai che ci
divertiremo un mondo!$k
$Sbs1000|","$SbpSTRM_BGM_EVT_SERIOUS2|0|$t1$Wmセルジュ|7$Wmヘンリー|3$w0|$Wsセルジュ|$Wa$E苦,|$SvpSE_VOICE_SERGE_EVT_5|Henry, siento lo que pasó el otro día,
cuando Minerva casi... te arranca la mano.$k$pEstaba muy nerviosa por algo, aunque no
estoy muy segura de qué la puso así.$k
$Wsヘンリー|$Wa$E笑,|$SvpSE_VOICE_HENRI_EVT_1|Bah, no pasa nada. Supongo que desprendo
algún tipo de aura animal.$k$pO pensó que era un jamón gigante.
La verdad es que huelo un poco a jamón.$k
$Wsセルジュ|$Wa$E通常,|$SvpSE_VOICE_SERGE_EVT_2|De todas formas, le eché una buena bronca
y me prometió que no lo volvería hacer.$k$pEspero que no le guardes rencor y que sigas
queriendo ser su amigo.$k
$Wsヘンリー|$Wa$E通常,|$SvpSE_VOICE_HENRI_EVT_7|¡Oh, por supuesto! ¡Estoy seguro de que
Minerva y yo llegaremos a ser íntimos!$k
$Wsセルジュ|$Wa$E笑,|$SvpSE_VOICE_SERGE_EVT_16|Todos quieren a Minerva, pero tú pareces
sentir una atracción especial hacia ella.$k
$Wsヘンリー|$Wa$E通常,|$SvpSE_VOICE_HENRI_EVT_6|Bueno, cuando era pequeño, mi mejor
amigo era una loba gigantesca.$k$pMis padres me ignoraban la mayor parte del
tiempo y la loba se convirtió en mi familia.$k$pUn día vino a visitarme y unos cazadores del
pueblo...$k$p$E苦,汗|acabaron con ella a flechazos.$k
$Wsセルジュ|$Wa$E苦,|$SvpSE_VOICE_SERGE_EVT_14|¡E-eso es terrible!$k
$Wsヘンリー|$Wa$SvpSE_VOICE_HENRI_EVT_12|Pero lo pagaron... Sí, lo pagaron...
¡Lo pagaron con SANGRE!$k$pEeeh, bueno. Ejem. Usé todos los hechizos
que conocía, pero no pude revivirla.$k$p$E通常,|Así que supongo que por eso me gusta
estar con vosotras. Me recordáis a ella.$k
$Wsセルジュ|$Wa$E通常,|$SvpSE_VOICE_SERGE_EVT_3|Nunca podremos reemplazar a tu loba, pero
Minerva y yo seremos unas buenas amigas.$k$p$E笑,|De hecho, ahora íbamos a patrullar
el campamento desde las alturas.$k$pPuedes unirte a nosotras, si no tienes nada
mejor que hacer.$k
$Wsヘンリー|$Wa$E笑,|$SvpSE_VOICE_HENRI_EVT_20|¡¿Quieres decir que me dejarás montar
a lomos de Minerva?!$k$p¡¿Mientras VUELA?!$k$p¡Por todos los dragones, SÍ!
¡Llevadme con vosotras!$k
$Wsセルジュ|$Wa$E笑,|$SvpSE_VOICE_SERGE_EVT_17|¡Muy bien! ¡Nos lo vamos a pasar genial!$k
$Sbs1000|","$SbpSTRM_BGM_EVT_SERIOUS2|0|$t1$Wmセルジュ|7$Wmヘンリー|3$w0|$Wsセルジュ|$Wa$E苦,|$SvpSE_VOICE_SERGE_EVT_5|Henry, I'm sorry about the other day,
when Minerva almost...bit your hand off.$k$pShe was terribly excited about something,
but I'm not sure what.$k
$Wsヘンリー|$Wa$E笑,|$SvpSE_VOICE_HENRI_EVT_1|Aw, it's fine. I bet I just give off some
kind of animal aura.$k$pOr maybe she thought I was a big ham?
I do smell kind of ham-like.$k
$Wsセルジュ|$Wa$E通常,|$SvpSE_VOICE_SERGE_EVT_2|In any case, I gave her a stern talking to.
I don't think it'll happen again.$k$pI hope you won't hold it against her,
and that you're still willing to be friends.$k
$Wsヘンリー|$Wa$E通常,|$SvpSE_VOICE_HENRI_EVT_7|Are you kidding? Of course! Minerva
and I are going to be besties for sure!$k
$Wsセルジュ|$Wa$E笑,|$SvpSE_VOICE_SERGE_EVT_16|I know everyone is fond of Minerva,
but you seem especially attracted to her.$k
$Wsヘンリー|$Wa$E通常,|$SvpSE_VOICE_HENRI_EVT_6|Well, when I was young, my best friend
in the entire world was a giant wolf.$k$pMy parents ignored me most of the time,
so that wolf became my whole family.$k$pThen one day she came to visit me,
and some hunters in the village...$k$p$E苦,汗|They shot her full of arrows.
Killed her on the spot.$k
$Wsセルジュ|$Wa$E苦,|$SvpSE_VOICE_SERGE_EVT_14|...Th-that's terrible!$k
$Wsヘンリー|$Wa$SvpSE_VOICE_HENRI_EVT_12|But they paid... Oh, how they paid...
They paid in BLOOD.$k$pEr, but yes. None of my magic could
bring my beautiful wolf friend back.$k$p$E通常,|So I guess that's why I hang out with
you and Minerva. 'Cause it reminds me.$k
$Wsセルジュ|$Wa$E通常,|$SvpSE_VOICE_SERGE_EVT_3|We can never replace your wolf, but Minerva
and I would love to be friends with you.$k$p$E笑,|In fact, we were just about to go and
fly a patrol around the camp.$k$pIf you have nothing else to do, you're
more than welcome to join us.$k
$Wsヘンリー|$Wa$E笑,|$SvpSE_VOICE_HENRI_EVT_20|You mean, you'll let me
ride on Minerva's back?!$k$pIn the SKY?!$k$pHoly horsefeathers, yes!
Please let me come!$k
$Wsセルジュ|$Wa$E笑,|$SvpSE_VOICE_SERGE_EVT_17|Great. This will be lots of fun!$k
$Sbs1000|","$SbpSTRM_BGM_EVT_SERIOUS2|0|$t1$Wmセルジュ|7$Wmヘンリー|3$w0|$Wsセルジュ|$Wa$E苦|$SvpSE_VOICE_SERGE_EVT_5|Henry, geçen gün Minerva'nın neredeyse...
elini isirip kopardigi gün için özür
dilerim.$k$pBir şeye çok heyecanlandi ama ne
olduğundan emin değilim.$k
$Wsヘンリー|$Wa$E笑|$SvpSE_VOICE_HENRI_EVT_1|Ah, sorun değil. Eminim bir tür hayvan
aurasi yayıyorumdur.$k$pYa da belki benim büyük bir jambon
olduğumu düşünüyordu? Jambon gibi bir koku
alıyorum.$k
$Wsセルジュ|$Wa$E通常|$SvpSE_VOICE_SERGE_EVT_2|Her durumda, ona sert bir konuşma yaptım.
Bir daha olacağını sanmıyorum.$k$pUmarım ona karşı kin beslemezsin
ve hâlâ arkadaş olmaya isteklisindir.$k
$Wsヘンリー|$Wa$E通常|$SvpSE_VOICE_HENRI_EVT_7|Dalga mı geçiyorsun? Elbette! Minerva ve
ben kesinlikle en iyi arkadaşlar olacağız!$k
$Wsセルジュ|$Wa$E笑|$SvpSE_VOICE_SERGE_EVT_16|Herkesin Minerva'yı sevdiğini biliyorum
ama sen özellikle ondan etkilenmiş
görünüyorsun.$k
$Wsヘンリー|$Wa$E通常|$SvpSE_VOICE_HENRI_EVT_6|Ben gençken dünyadaki en
iyi arkadaşım dev bir kurttu.$k$pAilem çoğu zaman beni görmezden geldi,
bu yüzden Wolf benim bütün ailem oldu.$k$pSonra bir gün beni ziyarete
geldi ve köydeki bazı avcilar...$k$p$E苦,汗|Onu oklarla vurdular. Onu
olay yerinde öldürdü.$k
$Wsセルジュ|$Wa$E苦|$SvpSE_VOICE_SERGE_EVT_14|...B-bu çok korkunç!$k
$Wsヘンリー|$Wa$SvpSE_VOICE_HENRI_EVT_12|Ama ödediler... Ah, nasıl
ödediler... KAN'la ödediler.$k$pEh, ama evet. Yaptığım hiçbir büyü
güzel kurt dostumu geri getiremedi.$k$p$E通常|Sanırım bu yüzden seninle ve Minerva'yla
takiliyorum. Çünkü bana hatırlatıyor.$k
$Wsセルジュ|$Wa$E通常|$SvpSE_VOICE_SERGE_EVT_3|Asla senin kurdunun yerini alamayız ama
Minerva ve ben seninle arkadaş olmayı çok
isteriz.$k$p$E笑|Aslında tam da kampın etrafında
devriye gezmek üzereydik.$k$pYapacak başka bir isiniz yoksa, bize
katilmanizdan memnuniyet duyarız.$k
$Wsヘンリー|$Wa$E笑|$SvpSE_VOICE_HENRI_EVT_20|Yani Minerva'nın sırtina
binmeme izin mi vereceksin?$k$pGÖKYÜZÜNDE mi?!$k$pVay canına, evet!
Lütfen ben de geleyim!$k
$Wsセルジュ|$Wa$E笑|$SvpSE_VOICE_SERGE_EVT_17|Harika. Bu çok eğlenceli olacak!$k
$Sbs1000|"
2,MID_支援_セルジュ_ヘンリー_Ａ,"$SbpSTRM_BGM_EVT_HEIWA1_2|50|$t1$Wmセルジュ|7$Wmヘンリー|3$w0|$Wsヘンリー|$Wa$E笑,|$SvpSE_VOICE_HENRI_EVT_11|Zelcher ? Est-ce que je peux venir voir
Minerva ?$k
$Wsセルジュ|$Wa$SvpSE_VOICE_SERGE_EVT_5|Bien sûr ! Je me demandais si tu allais
venir aujourd'hui.$k
$Wsヘンリー|$Wa$E通常,|$SvpSE_VOICE_HENRI_EVT_6|Je sais que je suis souvent ici, mais je me
sens en sécurité et heureux avec Minerva.$k
$Wsセルジュ|$Wa$E苦,|$SvpSE_VOICE_SERGE_EVT_10|Hmm... Puisque tu es ici, je voulais te
demander quelque chose, Henry.$k$pTu souris et tu fais toujours comme
si tout allait bien.$k$pPourtant, tu ne sembles jamais te lier
d'amitié avec qui que ce soit.$k$pMême avec moi.$k
$Wsヘンリー|$Wa$E笑,|$SvpSE_VOICE_HENRI_EVT_1|Quoi ? Vraiment ? Hi hi ha !
Je ne suis pas du tout comme ça.$k
$Wsセルジュ|$Wa$E怒,|$SvpSE_VOICE_SERGE_EVT_6|Tu t'esclaffes, Henry, mais ton rire est
creux comme le tronc d'un arbre mort.$k$pJ'en viens à me demander s'il t'est même
possible d'avoir de vrais amis.$k
$Wsヘンリー|$Wa$E通常,|$SvpSE_VOICE_HENRI_EVT_12|Hééé... Que dis-tu, Zelcher ?
Nous sommes déjà amis !$k$p$Eキメ,|Bon, j'étais content de discuter avec toi,
mais quand part-on en patrouille ?$k$pJe veux voler sur le dos de Minerva
encore une fois !$k
$Wsセルジュ|$Wa$E怒,|$SvpSE_VOICE_SERGE_EVT_11|Je crois qu'il vaut mieux que tu ne la
vois pas pendant un moment.$k
$Wsヘンリー|$Wa$E苦,汗|$SvpSE_VOICE_HENRI_EVT_5|HEIN ?!$k
$Wsセルジュ|$Wa$E通常,|$SvpSE_VOICE_SERGE_EVT_2|Je suis très heureuse que Minerva et
toi vous entendiez si bien...$k$pMais tu devrais passer plus de temps
avec des amis humains... comme moi.$k$pAlors, je vais aller patrouiller, à pied, et
j'aimerais que tu m'accompagnes.$k
$Wsヘンリー|$Wa$E通常,|$SvpSE_VOICE_HENRI_EVT_7|Je suis surpris... Mais si c'est ce que tu
veux, aucun problème pour moi !$k
$Wsセルジュ|$Wa$E笑,|$SvpSE_VOICE_SERGE_EVT_21|Très bien. Allons-y, veux-tu ?$k
$Wsヘンリー|$Wa$E笑,|$SvpSE_VOICE_HENRI_EVT_2|EN AVAAAAANT, MARCHE !$k
$Sbs1000|","$SbpSTRM_BGM_EVT_HEIWA1_2|50|$t1$Wmセルジュ|7$Wmヘンリー|3$w0|$Wsヘンリー|$Wa$E笑,|$SvpSE_VOICE_HENRI_EVT_11|Zelcher? Macht es dir etwas aus, wenn
ich Minerva ein wenig kraule?$k
$Wsセルジュ|$Wa$SvpSE_VOICE_SERGE_EVT_5|Natürlich nicht! Ich habe mich schon
gefragt, ob du heute noch vorbeischaust.$k
$Wsヘンリー|$Wa$E通常,|$SvpSE_VOICE_HENRI_EVT_6|Ja, ich bin oft hier, aber bei dir und
Minerva fühle ich mich sicher. Und glücklich.$k
$Wsセルジュ|$Wa$E苦,|$SvpSE_VOICE_SERGE_EVT_10|...Wo du gerade hier bist, Henry, würde ich
dich gerne etwas fragen, wenn ich darf.$k$pDu lächelst und lachst immer, als gäbe es
keine Sorgen in der Welt.$k$pUnd trotzdem hast du kaum Freunde und
lässt niemanden an dich heran.$k$p...Auch mich nicht.$k
$Wsヘンリー|$Wa$E笑,|$SvpSE_VOICE_HENRI_EVT_1|Was? Wirklich? Hehehehe!
So bin ich doch überhaupt nicht!$k
$Wsセルジュ|$Wa$E怒,|$SvpSE_VOICE_SERGE_EVT_6|Du lachst zwar, Henry, aber es klingt so
hohl wie der Wind in einem toten Baum.$k$pIch frage mich, ob es überhaupt möglich
ist, wirklich mit dir befreundet zu sein.$k
$Wsヘンリー|$Wa$E通常,|$SvpSE_VOICE_HENRI_EVT_12|Ach, Zelcher! Das stimmt doch gar
nicht! Wir sind doch schon Freunde!$k$p$Eキメ,|Also gut! Schön, dass wir darüber geredet
haben! Fliegen wir heute wieder Patrouille?$k$pIch würde gerne noch mal auf Minervas
Rücken mitfliegen.$k
$Wsセルジュ|$Wa$E怒,|$SvpSE_VOICE_SERGE_EVT_11|Ich glaube, es ist das Beste, wenn du
sie für eine Weile nicht siehst.$k
$Wsヘンリー|$Wa$E苦,汗|$SvpSE_VOICE_HENRI_EVT_5|Huch?$k
$Wsセルジュ|$Wa$E通常,|$SvpSE_VOICE_SERGE_EVT_2|Ich bin froh, dass du Minerva magst,
und dass ihr euch so gut versteht.$k$pAber ich finde, du solltest mehr Zeit mit
menschlichen Freunden verbringen. Mit mir.$k$pAlso patrouilliere ich heute zu Fuß und du
kannst mich begleiten.$k
$Wsヘンリー|$Wa$E通常,|$SvpSE_VOICE_HENRI_EVT_7|Seltsam. Aber wenn es das ist, was du
willst, dann bin ich dabei.$k
$Wsセルジュ|$Wa$E笑,|$SvpSE_VOICE_SERGE_EVT_21|Gut. Lass uns gehen. In Ordnung?$k
$Wsヘンリー|$Wa$E笑,|$SvpSE_VOICE_HENRI_EVT_2|VORWÄÄÄRTS, MARSCH!$k
$Sbs1000|","$SbpSTRM_BGM_EVT_HEIWA1_2|50|$t1$Wmセルジュ|7$Wmヘンリー|3$w0|$Wsヘンリー|$Wa$E笑,|$SvpSE_VOICE_HENRI_EVT_11|Zelcher? Ti dispiace se
gioco un po' con Minerva?$k
$Wsセルジュ|$Wa$SvpSE_VOICE_SERGE_EVT_5|Certo che no! Mi stavo chiedendo se
oggi saresti venuto a farci visita.$k
$Wsヘンリー|$Wa$E通常,|$SvpSE_VOICE_HENRI_EVT_6|So di essere spesso qui, ma quando sono
con Minerva mi sento felice e al sicuro.$k
$Wsセルジュ|$Wa$E苦,|$SvpSE_VOICE_SERGE_EVT_10|Visto che ci sei, Henry, vorrei
farti una domanda.$k$pTi vedo sempre allegro e sorridente,
come se nulla ti turbasse.$k$pEppure non socializzi molto con le persone.
È come se avessi eretto una barriera.$k$pAnche con me.$k
$Wsヘンリー|$Wa$E笑,|$SvpSE_VOICE_HENRI_EVT_1|Cosa? Niah ah ah ah! Come ti è
saltata in mente una cosa simile?$k
$Wsセルジュ|$Wa$E怒,|$SvpSE_VOICE_SERGE_EVT_6|Tu ridi, Henry, la tua risata suona
sempre un po' forzata.$k$pCerte volte mi chiedo se sia possibile
instaurare una vera amicizia con te.$k
$Wsヘンリー|$Wa$E通常,|$SvpSE_VOICE_HENRI_EVT_12|Tsk, sono cose senza senso!
Noi siamo già amici, Zelcher!$k$p$Eキメ,|Bene, è stata una bella chiacchierata
e ora si fa il giro di ricognizione?$k$pVoglio volare di nuovo
a cavallo di Minerva!$k
$Wsセルジュ|$Wa$E怒,|$SvpSE_VOICE_SERGE_EVT_11|Forse sarebbe meglio se voi due
non vi vedeste per un po'.$k
$Wsヘンリー|$Wa$E苦,汗|$SvpSE_VOICE_HENRI_EVT_5|EH?!$k
$Wsセルジュ|$Wa$E通常,|$SvpSE_VOICE_SERGE_EVT_2|Mi fa molto piacere che tu vada
così d'accordo con Minerva.$k$pMa penso che tu stia trascurando troppo
gli esseri umani... vedi me per esempio.$k$pQuindi oggi farò il mio giro di ricognizione
a piedi... e tu verrai con me.$k
$Wsヘンリー|$Wa$E通常,|$SvpSE_VOICE_HENRI_EVT_7|Sono un po' stranito, ma se è quello
che vuoi, non ho nulla in contrario!$k
$Wsセルジュ|$Wa$E笑,|$SvpSE_VOICE_SERGE_EVT_21|Bene. In marcia.$k
$Wsヘンリー|$Wa$E笑,|$SvpSE_VOICE_HENRI_EVT_2|Avanti, marsch!$k
$Sbs1000|","$SbpSTRM_BGM_EVT_HEIWA1_2|50|$t1$Wmセルジュ|7$Wmヘンリー|3$w0|$Wsヘンリー|$Wa$E笑,|$SvpSE_VOICE_HENRI_EVT_11|Zelcher, ¿te importa que pase un
ratito con Minerva?$k
$Wsセルジュ|$Wa$SvpSE_VOICE_SERGE_EVT_5|¡Por supuesto que no! En realidad,
me estaba preguntando si vendrías hoy.$k
$Wsヘンリー|$Wa$E通常,|$SvpSE_VOICE_HENRI_EVT_6|Sé que paso mucho tiempo aquí, pero con
Minerva me siento feliz y seguro.$k
$Wsセルジュ|$Wa$E苦,|$SvpSE_VOICE_SERGE_EVT_10|Bueno, Henry, ahora que estás aquí me
gustaría hacerte una pregunta.$k$pSiempre estás sonriendo y te comportas
como si no tuvieras ninguna preocupación.$k$pPero parece que no haces buenas migas con
nadie, ni dejas que se acerquen a ti.$k$pNi siquiera yo...$k
$Wsヘンリー|$Wa$E笑,|$SvpSE_VOICE_HENRI_EVT_1|¿De verdad? ¡Ji, ji, ja!
¡Qué va, yo no soy así!$k
$Wsセルジュ|$Wa$E怒,|$SvpSE_VOICE_SERGE_EVT_6|Ríes, Henry, pero tu risa suena hueca.
Como el interior de un árbol muerto.$k$pDime, ¿alguna vez has tenido un buen
amigo? ¿Uno que te conozca de verdad?$k
$Wsヘンリー|$Wa$E通常,|$SvpSE_VOICE_HENRI_EVT_12|Vamos, Zelcher. ¡Las cosas no son así!
¡Tú y yo somos amigos!$k$p$Eキメ,|Bueno, ¡da igual! Me gusta hablar
contigo, pero ¿hoy no vamos a patrullar?$k$p¡Quiero volver a volar a lomos de Minerva!$k
$Wsセルジュ|$Wa$E怒,|$SvpSE_VOICE_SERGE_EVT_11|Creo que es mejor que te alejes de ella
durante un tiempo.$k
$Wsヘンリー|$Wa$E苦,汗|$SvpSE_VOICE_HENRI_EVT_5|¡¿CÓMO?!$k
$Wsセルジュ|$Wa$E通常,|$SvpSE_VOICE_SERGE_EVT_2|Me alegra que te guste Minerva y que
os llevéis tan bien.$k$pPero debes pasar más tiempo con tus
amigos humanos... como yo, por ejemplo.$k$pAsí que hoy voy a realizar mi patrulla a pie,
y tú vas a venir conmigo.$k
$Wsヘンリー|$Wa$E通常,|$SvpSE_VOICE_HENRI_EVT_7|Qué raro. Pero bueno, si es lo que quieres,
¡por mí está bien!$k
$Wsセルジュ|$Wa$E笑,|$SvpSE_VOICE_SERGE_EVT_21|Bien. Entonces vamos, andando.$k
$Wsヘンリー|$Wa$E笑,|$SvpSE_VOICE_HENRI_EVT_2|¡AAAAADELANTE, MAAARCHEN!$k
$Sbs1000|","$SbpSTRM_BGM_EVT_HEIWA1_2|50|$t1$Wmセルジュ|7$Wmヘンリー|3$w0|$Wsヘンリー|$Wa$E笑,|$SvpSE_VOICE_HENRI_EVT_11|Cherche? Do you mind if
I pet Minerva a little bit?$k
$Wsセルジュ|$Wa$SvpSE_VOICE_SERGE_EVT_5|Of course not. I was wondering if
you were going to come by today.$k
$Wsヘンリー|$Wa$E通常,|$SvpSE_VOICE_HENRI_EVT_6|I know I'm here a lot, but I always feel
safe and happy when I'm with Minerva.$k
$Wsセルジュ|$Wa$E苦,|$SvpSE_VOICE_SERGE_EVT_10|...So now that you're here, Henry,
I hope you'll let me ask you something.$k$pYou're always smiling and laughing and
acting as if you hadn't a care in the world.$k$pYet, you never seem to make friends with
people or allow them to get close.$k$p...Even me.$k
$Wsヘンリー|$Wa$E笑,|$SvpSE_VOICE_HENRI_EVT_1|What? You think so? Nya ha ha!
I'm not like that at all!$k
$Wsセルジュ|$Wa$E怒,|$SvpSE_VOICE_SERGE_EVT_6|There you go with that laugh again.
It just sounds so hollow...$k$pI wonder if it's even possible for
someone to be your true friend?$k
$Wsヘンリー|$Wa$E通常,|$SvpSE_VOICE_HENRI_EVT_12|Sheesh, Cherche. It's not like that!
We're already friends!$k$p$Eキメ,|Anyway, I'm glad we had that chat,
but are we going on patrol today?$k$pI want to fly on Minerva's back again!$k
$Wsセルジュ|$Wa$E怒,|$SvpSE_VOICE_SERGE_EVT_11|...No. Not today. I think it's best
if you don't see her for a while.$k
$Wsヘンリー|$Wa$E苦,汗|$SvpSE_VOICE_HENRI_EVT_5|Wha―?!$k
$Wsセルジュ|$Wa$E通常,|$SvpSE_VOICE_SERGE_EVT_2|I'm very happy that you like Minerva
and you two get along so well.$k$pBut I think you need to spend more
time with human friends―namely, me.$k$pSo I'm going to carry out my patrol
on foot, and you're coming with me.$k
$Wsヘンリー|$Wa$E通常,|$SvpSE_VOICE_HENRI_EVT_7|Huh. Well, all right. If that's what
you want, it's fine by me!$k
$Wsセルジュ|$Wa$E笑,|$SvpSE_VOICE_SERGE_EVT_21|Good. Let's go, shall we?$k
$Wsヘンリー|$Wa$E笑,|$SvpSE_VOICE_HENRI_EVT_2|Forwaaaaaard, march!$k
$Sbs1000|","$SbpSTRM_BGM_EVT_HEIWA1_2|50|$t1$Wmセルジュ|7$Wmヘンリー|3$w0|$Wsヘンリー|$Wa$E笑|$SvpSE_VOICE_HENRI_EVT_11|Cherche mi? Minerva'yı
biraz sevmemin sakıncası var mı?$k
$Wsセルジュ|$Wa$SvpSE_VOICE_SERGE_EVT_5|Tabii ki değil. Bugün gelip
gelmeyeceğini merak ediyordum.$k
$Wsヘンリー|$Wa$E通常|$SvpSE_VOICE_HENRI_EVT_6|Sık sık burada olduğumu biliyorum ama
Minerva'nın yanındayken kendimi her zaman
güvende ve mutlu hissediyorum.$k
$Wsセルジュ|$Wa$E苦|$SvpSE_VOICE_SERGE_EVT_10|...Artık burada olduğuna göre Henry,
umarım sana bir şey sormama izin verirsin.$k$pHer zaman gülümsüyorsun, gülüyorsun ve
sanki dünya umurunda değilmiş gibi
davranıyorsun.$k$pAma sen hiçbir zaman insanlarla arkadaş
olmuyorsun, yakinlasmalarina izin
vermiyorsun.$k$p...ben bile.$k
$Wsヘンリー|$Wa$E笑|$SvpSE_VOICE_HENRI_EVT_1|Ne? Öyle mi düşünüyorsun? Evet
ha ha! Ben hiç öyle değilim!$k
$Wsセルジュ|$Wa$E怒|$SvpSE_VOICE_SERGE_EVT_6|İşte yine o gülüsünle gidiyorsun.
Kulağa o kadar boş geliyor ki...$k$pAcaba birisinin senin gerçek
arkadaşın olması mümkün mü?$k
$Wsヘンリー|$Wa$E通常|$SvpSE_VOICE_HENRI_EVT_12|Seyh, Cherche. Öyle değil!
Biz zaten arkadaşız!$k$p$Eキメ|Neyse, bu sohbeti yaptığimiza sevindim ama
bugün devriyeye çıkacak mıyız?$k$pTekrar Minerva'nın sırtında uçmak
istiyorum!$k
$Wsセルジュ|$Wa$E怒|$SvpSE_VOICE_SERGE_EVT_11|...HAYIR. Bugün değil. Bence onu
bir süre görmesen daha iyi olur.$k
$Wsヘンリー|$Wa$E苦,汗|$SvpSE_VOICE_HENRI_EVT_5|Ne-?!$k
$Wsセルジュ|$Wa$E通常|$SvpSE_VOICE_SERGE_EVT_2|Minerva'yı sevdiğinize ve ikinizin bu
kadar iyi anlastiginiza çok sevindim.$k$pAma bence insan arkadaşlarinla, yani
benimle daha fazla zaman geçirmen
gerekiyor.$k$pBu yüzden devriye görevimi yürüyerek
yapacağım ve sen de benimle geliyorsun.$k
$Wsヘンリー|$Wa$E通常|$SvpSE_VOICE_HENRI_EVT_7|Ha. Peki, tamam. Eğer istediğin
buysa benim için sorun değil!$k
$Wsセルジュ|$Wa$E笑|$SvpSE_VOICE_SERGE_EVT_21|İyi. Hadi gidelim, olur mu?$k
$Wsヘンリー|$Wa$E笑|$SvpSE_VOICE_HENRI_EVT_2|İleri, yürü!$k
$Sbs1000|"
3,MID_支援_セルジュ_ヘンリー_Ｓ,"$SbpSTRM_BGM_EVT_LOVE1|0|$t1$Wmセルジュ|7$Wmヘンリー|3$w0|$Wsヘンリー|$Wa$SvpSE_VOICE_HENRI_EVT_1|Bonjour, Zelcher. Déjà de retour ?
Comment était la patrouille ?$k
$Wsセルジュ|$Wa$SvpSE_VOICE_SERGE_EVT_9|Le calme plat... Es-tu venu pour me voir ?$k
$Wsヘンリー|$Wa$SvpSE_VOICE_HENRI_EVT_6|$Eキメ,|Je me suis dit que tu aurais mal aux pieds,
alors je t'ai ramené un baume maison.$k
$Wsセルジュ|$Wa$E笑,|$SvpSE_VOICE_SERGE_EVT_21|Oh ! Merci, Henry !
Mais comment le savais-tu ?$k
$Wsヘンリー|$Wa$E笑,|$SvpSE_VOICE_HENRI_EVT_19|Nous avons patrouillé tant de fois tous
les deux, je sais ce que c'est...$k$pEnsuite, mets un linge frais sur ton front
et bois un bon thé bien chaud.$k
$Wsセルジュ|$Wa$E笑,|$SvpSE_VOICE_SERGE_EVT_17|C'est assez incroyable la manière dont tu
fais plus attention aux autres maintenant.$k
$Wsヘンリー|$Wa$SvpSE_VOICE_HENRI_EVT_20|Hi hi ha ! Oui, c'est vrai.
Et tout ça, c'est grâce à toi !$k
$Wsセルジュ|$Wa$E通常,|$SvpSE_VOICE_SERGE_EVT_3|En tout cas, je suis heureuse que nous
soyons devenus de si bons amis.$k
$Wsヘンリー|$Wa$E通常,|$SvpSE_VOICE_HENRI_EVT_5|À vrai dire, je suis content d'être ton ami,
mais j'aimerais être plus.$k$pNous passons tellement de temps ensemble
qu'on devrait officialiser la chose.$k
$Wsセルジュ|$Wa$E苦,照|$SvpSE_VOICE_SERGE_EVT_13|Euh... Officialiser QUOI ?$k
$Wsヘンリー|$Wa$SvpSE_VOICE_HENRI_EVT_3|Allons, tu n'es pas née de la dernière pluie.
Tu sais ce que je veux dire...$k$pAlors, voici pour toi !$k
$Wsセルジュ|$Wa$E通常,照|$SvpSE_VOICE_SERGE_EVT_6|Un anneau ? Henry, est-ce que... ?$k
$Wsヘンリー|$Wa$E通常,照|$SvpSE_VOICE_HENRI_EVT_11|Tu as toujours été bonne avec moi, Zelcher.
Et plus qu'une bonne amie.$k$pPatrouiller avec toi, c'est amusant, mais je
veux être avec toi TOUT le temps !$k$pAlors je me disais qu'on pourrait se marier
tous les deux. Qu'en dis-tu ?$k
$Wsセルジュ|$Wa$E笑,照|$SvpSE_VOICE_SERGE_EVT_5|Eh bien, Henry... C'est si soudain.$k$pMais... je pense moi-même beaucoup
à toi ces dernier temps.$k$pDepuis notre rencontre, j'ai toujours
voulu mieux te connaître...$k$pEt en voilà l'opportunité rêvée...
Très bien ! J'accepte ta proposition !$k
$Wsヘンリー|$Wa$E笑,照|$SvpSE_VOICE_HENRI_EVT_22|Oh, waouh ! C'est génial, Zelcher !
Nous serons une famille tous les deux !$k
$Wsセルジュ|$Wa$E通常,|$SvpSE_VOICE_SERGE_EVT_8|Tous les deux ?
Je crois que tu oublies quelqu'un...$k
$Wsヘンリー|$Wa$Eキメ,照|$SvpSE_VOICE_HENRI_EVT_27|Chrom ? Hmm... Si tu INSISTES, on verra
ce qu'on peut faire, mais à mon avis...$k$pOh, attends ! Tu veux dire MINERVA !
Hi hi ha ! Je l'avais presque oubliée !$k
$Wsセルジュ|$Wa$E苦,照|$SvpSE_VOICE_SERGE_EVT_18|Pourquoi as-tu pensé à CHROM ?!$k
$Sbs1000|","$SbpSTRM_BGM_EVT_LOVE1|0|$t1$Wmセルジュ|7$Wmヘンリー|3$w0|$Wsヘンリー|$Wa$SvpSE_VOICE_HENRI_EVT_1|Hallo, Zelcher! Willkommen zurück!
Wie war die Patrouille?$k
$Wsセルジュ|$Wa$SvpSE_VOICE_SERGE_EVT_9|Ereignislos. Bist du gekommen, um mich
zu sprechen?$k
$Wsヘンリー|$Wa$SvpSE_VOICE_HENRI_EVT_6|$Eキメ,|Ich dachte mir, deine Füße bringen dich
bestimmt um.$k$pDarum habe ich dir diese hausgemachte
Salbe gegen Blasen mitgebracht.$k
$Wsセルジュ|$Wa$E笑,|$SvpSE_VOICE_SERGE_EVT_21|Vielen Dank, Henry!
Woher wusstest du das?$k
$Wsヘンリー|$Wa$E笑,|$SvpSE_VOICE_HENRI_EVT_19|Wir waren auf so vielen Patrouillen, ich
kenne dich mittlerweile ziemlich gut.$k$pAls Nächstes legst du ein kaltes Tuch auf
den Kopf und trinkst heißen Holundertee.$k
$Wsセルジュ|$Wa$E笑,|$SvpSE_VOICE_SERGE_EVT_17|Es ist erstaunlich, wie aufmerksam du
mittlerweile auf andere Leute achtest.$k
$Wsヘンリー|$Wa$SvpSE_VOICE_HENRI_EVT_20|Hehehe! Ja, ich weiß! Das habe ich
alles dir zu verdanken.$k
$Wsセルジュ|$Wa$E通常,|$SvpSE_VOICE_SERGE_EVT_3|Jedenfalls bin ich sehr froh, dass wir
so gute Freunde geworden sind.$k
$Wsヘンリー|$Wa$E通常,|$SvpSE_VOICE_HENRI_EVT_5|Freunde zu sein ist ja schön und gut, aber
eigentlich will ich mehr von dir.$k$pWir verbringen so viel Zeit zusammen.
Ich denke, wir sollten es offiziell machen.$k
$Wsセルジュ|$Wa$E笑,|$SvpSE_VOICE_SERGE_EVT_13|Äh, was GENAU meinst du mit offiziell?$k
$Wsヘンリー|$Wa$SvpSE_VOICE_HENRI_EVT_3|Ach, komm schon! Du bist doch nicht auf
den Kopf gefallen. Du weißt, was ich meine!$k$pHier! Der ist für dich!$k
$Wsセルジュ|$Wa$E通常,照|$SvpSE_VOICE_SERGE_EVT_6|...Ein Ring? Henry, heißt das, du--$k
$Wsヘンリー|$Wa$E通常,照|$SvpSE_VOICE_HENRI_EVT_11|Du warst sehr gut zu mir, Zelcher.
Mehr als eine gute Freundin.$k$pDie gemeinsame Patrouille ist ja lustig,
aber ich will IMMER bei dir sein.$k$pAlso dachte ich mir, vielleicht willst du
ja heiraten. Was meinst du?$k
$Wsセルジュ|$Wa$E笑,照|$SvpSE_VOICE_SERGE_EVT_5|Meine Güte, Henry. Das kommt ein
wenig plötzlich.$k$pAber ich habe auch in letzter Zeit... viel
über uns nachgedacht.$k$pIch wollte schon immer den Menschen
hinter der fröhlichen Fassade kennenlernen.$k$pUnd das scheint mir die Gelegenheit zu sein.
Also, ja. Ich nehme deinen Antrag an.$k
$Wsヘンリー|$Wa$E笑,照|$SvpSE_VOICE_HENRI_EVT_22|Oh, schön! Das ist toll, Zelcher!
Du und ich werden eine Familie sein!$k
$Wsセルジュ|$Wa$E通常,|$SvpSE_VOICE_SERGE_EVT_8|...Vergisst du da nicht jemanden?$k
$Wsヘンリー|$Wa$Eキメ,照|$SvpSE_VOICE_HENRI_EVT_27|Meinst du Chrom? Nun, ich DENKE, er
kann auch seinen Teil beitragen, aber--$k$pOh, na klar! Du meinst MINERVA!
Hehe! Ich hätte sie fast vergessen!$k$pNa klar! Minerva gehört auf jeden Fall
auch zur Familie!$k
$Wsセルジュ|$Wa$E笑,照|$SvpSE_VOICE_SERGE_EVT_18|...Hast du wirklich zuerst an
CHROM gedacht?$k
$Sbs1000|","$SbpSTRM_BGM_EVT_LOVE1|0|$t1$Wmセルジュ|7$Wmヘンリー|3$w0|$Wsヘンリー|$Wa$SvpSE_VOICE_HENRI_EVT_1|Ciao, Zelcher. Bentornata!
Come è andato il giro di ricognizione?$k
$Wsセルジュ|$Wa$SvpSE_VOICE_SERGE_EVT_9|Non ho notato nulla di sospetto.
Sei venuto a fare visita a me?$k
$Wsヘンリー|$Wa$SvpSE_VOICE_HENRI_EVT_6|$Eキメ,|Ho pensato che ti potessero dolere i
piedi e ti ho portato una pomata.$k
$Wsセルジュ|$Wa$E笑,|$SvpSE_VOICE_SERGE_EVT_21|Oh, grazie, Henry! Mi hai letto nel pensiero.$k
$Wsヘンリー|$Wa$E笑,|$SvpSE_VOICE_HENRI_EVT_19|Abbiamo fatto così tanti giri insieme che
conosco a memoria le tue abitudini.$k$pDopo la pomata, metti una benda sulla
fronte e bevi una tazza di tè al sambuco.$k
$Wsセルジュ|$Wa$E笑,|$SvpSE_VOICE_SERGE_EVT_17|Sono senza parole. È incredibile, ora presti
molta più attenzione alle persone.$k
$Wsヘンリー|$Wa$SvpSE_VOICE_HENRI_EVT_20|Niah ah ah ah! Sì, lo so.
E tutto questo grazie a te!$k
$Wsセルジュ|$Wa$E通常,|$SvpSE_VOICE_SERGE_EVT_3|Sono contenta che siamo
diventati così amici.$k
$Wsヘンリー|$Wa$E通常,|$SvpSE_VOICE_HENRI_EVT_5|Beh, l'amicizia sarà anche una gran bella
cosa, ma io voglio qualcosa di più.$k$pVisto che passiamo così tanto tempo
insieme, potremmo ufficializzare la cosa.$k
$Wsセルジュ|$Wa$E笑,|$SvpSE_VOICE_SERGE_EVT_13|Ehm, ufficializzare cosa?$k
$Wsヘンリー|$Wa$SvpSE_VOICE_HENRI_EVT_3|Su, andiamo. Devo proprio spiegarti tutto?
Lo sai benissimo cosa voglio dire.$k$pEcco qui! Questo è per te.$k
$Wsセルジュ|$Wa$E通常,照|$SvpSE_VOICE_SERGE_EVT_6|Un anello? Henry, ma...$k
$Wsヘンリー|$Wa$E通常,照|$SvpSE_VOICE_HENRI_EVT_11|Tu sei stata fantastica con me, Zelcher,
e molto di più di un'amica.$k$pSì, fare i giri di ricognizione è divertente,
ma io voglio vederti SEMPRE!$k$pQuindi ho pensato che magari potremmo
sposarci, che ne dici?$k
$Wsセルジュ|$Wa$E笑,照|$SvpSE_VOICE_SERGE_EVT_5|Henry, così, all'improvviso?$k$pAmmetto che ho pensato spesso
a te... ultimamente.$k$pHo sempre voluto sapere chi si
nascondeva dietro quella facciata.$k$pQuesta è la mia occasione!
Quindi.. accetto la tua proposta!$k
$Wsヘンリー|$Wa$E笑,照|$SvpSE_VOICE_HENRI_EVT_22|Oh, fantastico! Ti rendi conto, Zelcher?
Tu e io formeremo una famiglia!$k
$Wsセルジュ|$Wa$E通常,|$SvpSE_VOICE_SERGE_EVT_8|Forse stai dimenticando qualcuno.$k
$Wsヘンリー|$Wa$Eキメ,照|$SvpSE_VOICE_HENRI_EVT_27|Ti riferisci a Chrom? Beh, sì, può
sempre considerarsi di casa...$k$pOh, scusa! Stavi parlando di MINERVA?
Niah ah ah! Stavo quasi per dimenticarla!$k$pCerto! Anche Minerva potrà
considerarsi parte della famiglia.$k
$Wsセルジュ|$Wa$E苦,照|$SvpSE_VOICE_SERGE_EVT_18|Ma davvero è stato CHROM il primo
che ti è venuto in mente?!$k
$Sbs1000|","$SbpSTRM_BGM_EVT_LOVE1|0|$t1$Wmセルジュ|7$Wmヘンリー|3$w0|$Wsヘンリー|$Wa$SvpSE_VOICE_HENRI_EVT_1|Hola, Zelcher. ¡Bienvenida de nuevo!
¿Cómo ha ido la patrulla?$k
$Wsセルジュ|$Wa$SvpSE_VOICE_SERGE_EVT_9|Sin novedad. ¿Has venido para verme?$k
$Wsヘンリー|$Wa$SvpSE_VOICE_HENRI_EVT_6|$Eキメ,|Supuse que te dolerían los pies, así que he
traído un remedio casero para los juanetes.$k
$Wsセルジュ|$Wa$E笑,|$SvpSE_VOICE_SERGE_EVT_21|Vaya, ¡muchas gracias, Henry!
¿Cómo sabías que me vendría bien?$k
$Wsヘンリー|$Wa$E笑,|$SvpSE_VOICE_HENRI_EVT_19|Hemos estado juntos en tantas patrullas
que he memorizado lo que sueles hacer.$k$pCuando terminas, te sientas con una toalla
fría en la cabeza y bebes té de saúco.$k
$Wsセルジュ|$Wa$E笑,|$SvpSE_VOICE_SERGE_EVT_17|La atención que pones ahora en otras
personas resulta impresionante.$k
$Wsヘンリー|$Wa$SvpSE_VOICE_HENRI_EVT_20|¡Ji, ji, ja! Sí, lo sé.
¡Y todo gracias a ti!$k
$Wsセルジュ|$Wa$E通常,|$SvpSE_VOICE_SERGE_EVT_3|En cualquier caso, me alegra que seamos
tan buenos amigos.$k
$Wsヘンリー|$Wa$E通常,|$SvpSE_VOICE_HENRI_EVT_5|De hecho, eso de ser amigos está muy
bien... pero quiero algo más.$k$pPasamos mucho tiempo juntos, y creo
que es hora de hacerlo oficial.$k
$Wsセルジュ|$Wa$E笑,|$SvpSE_VOICE_SERGE_EVT_13|Eh, ¿QUÉ hay que hacer oficial?$k
$Wsヘンリー|$Wa$SvpSE_VOICE_HENRI_EVT_3|Ooh, vamos. No naciste ayer, ya sabes de
qué estoy hablando.$k$p¡Toma! Esto es para ti.$k
$Wsセルジュ|$Wa$E通常,照|$SvpSE_VOICE_SERGE_EVT_6|¿Un anillo? Henry, ¿esto quiere decir...?$k
$Wsヘンリー|$Wa$E通常,照|$SvpSE_VOICE_HENRI_EVT_11|Zelcher, has sido muy buena conmigo.
De hecho, has sido más que una amiga...$k$p¡Patrullar juntos es muy divertido, pero
quiero estar contigo SIEMPRE!$k$p¡Así que he pensado que tú y yo podríamos
casarnos! ¿Qué me dices?$k
$Wsセルジュ|$Wa$E笑,照|$SvpSE_VOICE_SERGE_EVT_5|Dioses, Henry, esto es muy repentino.$k$pSin embargo, la verdad es que últimamente
he estado... pensando mucho en ti.$k$pDesde que te conocí, siempre he querido
conocer al hombre que hay tras la sonrisa.$k$pY esto me da la oportunidad de hacerlo.
Muy bien. ¡Acepto tu propuesta!$k
$Wsヘンリー|$Wa$E笑,照|$SvpSE_VOICE_HENRI_EVT_22|¡Oh, estupendo! ¡Es genial, Zelcher!
¡Vamos a formar una familia!$k
$Wsセルジュ|$Wa$E通常,|$SvpSE_VOICE_SERGE_EVT_8|Creo que estás olvidando a alguien.$k
$Wsヘンリー|$Wa$Eキメ,照|$SvpSE_VOICE_HENRI_EVT_27|¿Te refieres a Chrom? Bueno, SUPONGO
que podríamos hacer algo con él, pero...$k$p¡Aaah, vale, vale! ¡Hablas de MINERVA!
¡Ji, ji, ja! ¡Casi me olvido de ella!$k$p¡Por supuesto que ella será también
parte de nuestra familia!$k
$Wsセルジュ|$Wa$E笑,照|$SvpSE_VOICE_SERGE_EVT_18|¡¿En serio?! ¡¿CHROM ha sido el primero
que te ha venido a la cabeza?!$k
$Sbs1000|","$SbpSTRM_BGM_EVT_LOVE1|0|$t1$Wmセルジュ|7$Wmヘンリー|3$w0|$Wsヘンリー|$Wa$SvpSE_VOICE_HENRI_EVT_1|Welcome back, Cherche!
How was today's patrol?$k
$Wsセルジュ|$Wa$SvpSE_VOICE_SERGE_EVT_9|Uneventful. Did you come out
here to meet me?$k
$Wsヘンリー|$Wa$SvpSE_VOICE_HENRI_EVT_6|$Eキメ,|I figured the old dogs would be barking,
so I brought a home-made bunion salve.$k
$Wsセルジュ|$Wa$E笑,|$SvpSE_VOICE_SERGE_EVT_21|Why, thank you, Henry!
But how did you know?$k
$Wsヘンリー|$Wa$E笑,|$SvpSE_VOICE_HENRI_EVT_19|We've been on so many patrols together,
I've memorised your whole routine.$k$pAfter this, you'll put a cold towel on your
head and drink a cup of hot elderberry tea.$k
$Wsセルジュ|$Wa$E笑,|$SvpSE_VOICE_SERGE_EVT_17|It's quite remarkable how much more
attention you pay to other people now.$k
$Wsヘンリー|$Wa$SvpSE_VOICE_HENRI_EVT_20|Nya ha ha! Yeah, I know.
And it's all thanks to you!$k
$Wsセルジュ|$Wa$E通常,|$SvpSE_VOICE_SERGE_EVT_3|In any case, I'm pleased that
we've become good friends.$k
$Wsヘンリー|$Wa$E通常,|$SvpSE_VOICE_HENRI_EVT_5|Actually...being friends is nice and
everything, but I want more.$k$pWe spend so much time together,
I'm thinking we should make it official.$k
$Wsセルジュ|$Wa$E笑,|$SvpSE_VOICE_SERGE_EVT_13|Er, make what official?$k
$Wsヘンリー|$Wa$SvpSE_VOICE_HENRI_EVT_3|Aw, come on. You've been around the
carousel before. You know what I mean!$k$pSo here. This is for you.$k
$Wsセルジュ|$Wa$E通常,照|$SvpSE_VOICE_SERGE_EVT_6|...A ring? Henry, are you―?$k
$Wsヘンリー|$Wa$E通常,照|$SvpSE_VOICE_HENRI_EVT_11|You've been really good to me, Cherche.
More than just a good friend.$k$pGoing on patrols together is fun and all,
but I want to see you ALL the time.$k$pSo, I was thinking we could, you know...
get hitched. What do you think?$k
$Wsセルジュ|$Wa$E笑,照|$SvpSE_VOICE_SERGE_EVT_5|Goodness, Henry, but this is sudden.$k$pHowever, I have found myself...
thinking about you a lot lately.$k$pEver since we met, I've wanted to know
the real man behind that jolly facade.$k$pAnd this would be a chance to do just that.
Very well, Henry. I accept your proposal!$k
$Wsヘンリー|$Wa$E笑,照|$SvpSE_VOICE_HENRI_EVT_22|Fantastic! This is great, Cherche!
You and me are gonna be a family!$k
$Wsセルジュ|$Wa$E通常,|$SvpSE_VOICE_SERGE_EVT_8|...I think you're forgetting someone.$k
$Wsヘンリー|$Wa$Eキメ,照|$SvpSE_VOICE_HENRI_EVT_27|Who, Chrom? Well, I guess he can be
involved somehow, but that seems...$k$pOh, you mean Minerva!
Nya ha ha! I almost forgot!$k$pYeah, of course! Minerva'll be
a part of the family, too!$k
$Wsセルジュ|$Wa$E笑,照|$SvpSE_VOICE_SERGE_EVT_18|...Was your first thought
really CHROM?!$k
$Sbs1000|","$SbpSTRM_BGM_EVT_LOVE1|0|$t1$Wmセルジュ|7$Wmヘンリー|3$w0|$Wsヘンリー|$Wa$SvpSE_VOICE_HENRI_EVT_1|Tekrar hoş geldin
Cherche! Bugünkü devriye nasıldı?$k
$Wsセルジュ|$Wa$SvpSE_VOICE_SERGE_EVT_9|Olaysiz. Buraya benimle
buluşmak için mi geldin?$k
$Wsヘンリー|$Wa$SvpSE_VOICE_HENRI_EVT_6|$Eキメ|Ayakların ağrıyordur diye düşünüp
ev yapımı nasır merhemi getirdim.$k
$Wsセルジュ|$Wa$E笑|$SvpSE_VOICE_SERGE_EVT_21|Teşekkür ederim
Henry! Ama nasıl bildin?$k
$Wsヘンリー|$Wa$E笑|$SvpSE_VOICE_HENRI_EVT_19|Birlikte o kadar çok devriyeye
çıktık ki tüm rutinini ezberledim.$k$pBundan sonra başına soğuk bir havlu
koyup bir fincan sıcak mürver çayı
içeceksin.$k
$Wsセルジュ|$Wa$E笑|$SvpSE_VOICE_SERGE_EVT_17|Artık diğer insanlara bu kadar çok
ilgi göstermeniz oldukça dikkat çekici.$k
$Wsヘンリー|$Wa$SvpSE_VOICE_HENRI_EVT_20|Evet ha ha! Evet
biliyorum. Ve hepsi senin sayende!$k
$Wsセルジュ|$Wa$E通常|$SvpSE_VOICE_SERGE_EVT_3|Her durumda, iyi arkadaş
olduğumuza sevindim.$k
$Wsヘンリー|$Wa$E通常|$SvpSE_VOICE_HENRI_EVT_5|Aslında...arkadaş olmak güzel falan ama
ben daha fazlasını istiyorum.$k$pBirlikte o kadar çok zaman geçiriyoruz ki
bunu resmilestirmemiz gerektiğini
düşünüyorum.$k
$Wsセルジュ|$Wa$E笑|$SvpSE_VOICE_SERGE_EVT_13|Neyi resmileştirelim?$k
$Wsヘンリー|$Wa$SvpSE_VOICE_HENRI_EVT_3|Hadi ama. Bu işlere yabancı değilsin.
Ne demek istediğimi biliyorsun!$k$pAl, bu senin için.$k
$Wsセルジュ|$Wa$E通常,照|$SvpSE_VOICE_SERGE_EVT_6|...Yüzük mü? Henry, sen...?$k
$Wsヘンリー|$Wa$E通常,照|$SvpSE_VOICE_HENRI_EVT_11|Bana karşı çok iyi davrandın Cherche.
İyi bir arkadaştan daha fazlası.$k$pBirlikte devriyeye çıkmak eğlenceli falan
ama seni HER zaman görmek istiyorum.$k$pBen de düşündüm ki...
evlenebiliriz. Ne düşünüyorsun?$k
$Wsセルジュ|$Wa$E笑,照|$SvpSE_VOICE_SERGE_EVT_5|Aman Henry, bu çok ani oldu.$k$pAncak son zamanlarda
kendimi... seni çok düşünürken buldum.$k$pTanıştığımızdan beri o neşeli maskenin
ardındaki gerçek seni tanımak istiyordum.$k$pVe bu tam da bunu yapmak için bir şans
olabilir. Çok iyi Henry. Teklifini kabul
ediyorum!$k
$Wsヘンリー|$Wa$E笑,照|$SvpSE_VOICE_HENRI_EVT_22|Fantastik! Bu harika, Cherche!
Sen ve ben bir aile olacağız!$k
$Wsセルジュ|$Wa$E通常|$SvpSE_VOICE_SERGE_EVT_8|...Sanırım birini unutuyorsun.$k
$Wsヘンリー|$Wa$Eキメ,照|$SvpSE_VOICE_HENRI_EVT_27|Kim, Chrom mu? Sanırım bir
şekilde isin içinde olabilir ama bu...$k$pAh, Minerva'yı kastediyorsun! Evet ha ha!
Neredeyse unutuyordum!$k$pEvet, elbette! Minerva da
ailenin bir parçası olacak!$k
$Wsセルジュ|$Wa$E笑,照|$SvpSE_VOICE_SERGE_EVT_18|...İlk düşünceniz
gerçekten CHROM muydu?!$k
$Sbs1000|"
